{
 "cells": [
  {
   "cell_type": "code",
   "execution_count": null,
   "id": "191289af-50c7-4796-9ee9-11bd1fe0dced",
   "metadata": {},
   "outputs": [],
   "source": [
    "import numpy as np\n",
    "import requests\n",
    "import googlemaps\n",
    "addresses = [['618 NW 47TH ST Seattle, WA'],\n",
    " ['612 NW 47TH ST Seattle, WA'],\n",
    " ['610 NW 47TH ST Seattle, WA'],\n",
    " ['643 NW 48TH ST Seattle, WA'],\n",
    " ['4914 8TH AVE NW Seattle, WA']]\n",
    "addresses = [tuple(x) for x in addresses]"
   ]
  },
  {
   "cell_type": "code",
   "execution_count": 37,
   "id": "caa3c4ef-0e5c-4e3d-8890-80b2c37b8d2e",
   "metadata": {},
   "outputs": [],
   "source": [
    "address_to_index = {address: index for index, address in enumerate(addresses)}\n",
    "index_to_address = {index: address for address, index in address_to_index.items()}"
   ]
  },
  {
   "cell_type": "code",
   "execution_count": 38,
   "id": "0d0341e5-a7b6-4f4f-baf9-519b207d5c64",
   "metadata": {},
   "outputs": [],
   "source": [
    "def build_distance_matrix(addresses):\n",
    "    num_locations = len(addresses)\n",
    "    distance_matrix = np.zeros((num_locations, num_locations))\n",
    "\n",
    "    for i, address1 in enumerate(addresses):\n",
    "        for j, address2 in enumerate(addresses):\n",
    "            if i != j:\n",
    "                start = get_coordinates(address1)\n",
    "                end = get_coordinates(address2)\n",
    "                distance_matrix[i][j] = get_osrm_distance(start, end)\n",
    "\n",
    "    return distance_matrix\n",
    "    \n",
    "def get_osrm_distance(start, end, profile='driving'):\n",
    "    \"\"\"Query OSRM for the distance between two points.\"\"\"\n",
    "    osrm_url = f\"http://router.project-osrm.org/route/v1/{profile}/{start[1]},{start[0]};{end[1]},{end[0]}\"\n",
    "    response = requests.get(osrm_url)\n",
    "    if response.status_code == 200:\n",
    "        routes = response.json()[\"routes\"]\n",
    "        if routes:\n",
    "            # You can choose to return distance or duration based on your requirement\n",
    "            return routes[0][\"distance\"]  # or routes[0][\"duration\"]\n",
    "    return float('inf')  # Return a large number to represent no route"
   ]
  },
  {
   "cell_type": "code",
   "execution_count": null,
   "id": "5bb85cb6-8c4f-47af-930c-4420be72f4ce",
   "metadata": {},
   "outputs": [],
   "source": [
    "def get_coordinates(address):\n",
    "    gmaps = googlemaps.Client(key=\"AIzaSyCe-hRSpX1tm2kND1AhL5ueIPd-rduvcaE\")\n",
    "\n",
    "    # Geocoding an address\n",
    "    geocode_result = gmaps.geocode(address)\n",
    "    \n",
    "    if geocode_result:\n",
    "        location = geocode_result[0]['geometry']['location']\n",
    "        return (location['lat'], location['lng'])\n",
    "    else:\n",
    "        return (None, None)"
   ]
  },
  {
   "cell_type": "code",
   "execution_count": 43,
   "id": "1d36b7be-d1fc-484b-895e-7cb78e060d91",
   "metadata": {},
   "outputs": [],
   "source": [
    "test_matrix = build_distance_matrix(addresses) "
   ]
  },
  {
   "cell_type": "code",
   "execution_count": 44,
   "id": "6569028b-0381-4ed9-be1e-5b8c779901d3",
   "metadata": {},
   "outputs": [
    {
     "data": {
      "text/plain": [
       "array([[  0. ,  13.1,  27. , 112. , 269. , 270.6, 387.5, 410.4, 433.3,\n",
       "        375.5, 387.2, 507.2, 554. , 610.1, 626.2],\n",
       "       [ 13.1,   0. ,  13.9, 125.1, 282.1, 283.7, 400.6, 423.4, 446.4,\n",
       "        362.4, 400.2, 520.2, 567. , 531.2, 515.1],\n",
       "       [ 27. ,  13.9,   0. , 138.9, 295.9, 297.6, 414.5, 437.3, 460.3,\n",
       "        348.6, 414.1, 534.1, 580.9, 517.3, 501.2],\n",
       "       [112. , 125.1, 138.9,   0. , 157. , 158.7, 275.5, 298.4, 321.4,\n",
       "        488.8, 275.2, 395.2, 442. , 498.1, 514.2],\n",
       "       [269. , 282.1, 295.9, 157. ,   0. ,  36.8, 153.7, 176.5, 199.5,\n",
       "        366.9, 153.3, 273.3, 320.1, 376.3, 392.4],\n",
       "       [270.6, 283.7, 297.6, 158.7,  36.8,   0. , 155.3, 178.2, 201.1,\n",
       "        368.6, 155. , 275. , 321.8, 377.9, 394. ],\n",
       "       [387.5, 400.6, 414.5, 275.5, 153.7, 155.3,   0. ,  22.8,  45.8,\n",
       "        213.3,  50.2, 170.2, 217. , 273.1, 289.2],\n",
       "       [410.4, 423.4, 437.3, 298.4, 176.5, 178.2,  22.8,   0. ,  23. ,\n",
       "        190.4,  73. , 193. , 239.8, 295.9, 312. ],\n",
       "       [433.3, 446.4, 460.3, 321.4, 199.5, 201.1,  45.8,  23. ,   0. ,\n",
       "        167.5,  96. , 216. , 262.8, 318.9, 279.5],\n",
       "       [375.5, 362.4, 348.6, 451.6, 329.8, 331.4, 213.3, 190.4, 167.5,\n",
       "          0. , 263.4, 271.7, 224.9, 168.8, 152.7],\n",
       "       [387.2, 400.2, 414.1, 275.2, 153.3, 155. ,  50.2,  73. ,  96. ,\n",
       "        263.4,   0. , 120. , 166.8, 223. , 239. ],\n",
       "       [507.2, 520.2, 534.1, 395.2, 273.3, 275. , 170.2, 193. , 216. ,\n",
       "        251.5, 120. ,   0. ,  46.8, 103. , 119. ],\n",
       "       [554. , 567. , 553.2, 442. , 320.1, 321.8, 217. , 239.8, 262.8,\n",
       "        204.7, 166.8,  46.8,   0. ,  56.2,  72.2],\n",
       "       [524. , 511. , 497.1, 498.1, 376.3, 377.9, 273.1, 298.3, 275.3,\n",
       "        148.5, 223. , 103. ,  56.2,   0. ,  16.1],\n",
       "       [508. , 494.9, 481. , 514.2, 392.4, 394. , 305. , 282.2, 259.2,\n",
       "        132.5, 239. , 119. ,  72.2,  16.1,   0. ]])"
      ]
     },
     "execution_count": 44,
     "metadata": {},
     "output_type": "execute_result"
    }
   ],
   "source": [
    "test_matrix"
   ]
  },
  {
   "cell_type": "code",
   "execution_count": null,
   "id": "f03987ea-b758-479d-8128-3306dfba354f",
   "metadata": {},
   "outputs": [],
   "source": []
  }
 ],
 "metadata": {
  "kernelspec": {
   "display_name": "Python 3 (ipykernel)",
   "language": "python",
   "name": "python3"
  },
  "language_info": {
   "codemirror_mode": {
    "name": "ipython",
    "version": 3
   },
   "file_extension": ".py",
   "mimetype": "text/x-python",
   "name": "python",
   "nbconvert_exporter": "python",
   "pygments_lexer": "ipython3",
   "version": "3.11.2"
  }
 },
 "nbformat": 4,
 "nbformat_minor": 5
}
